==================================== Jacobi迭代结果汇总 ====================================
  进程ID本地行号     列       0       1       2       3       4       5       6       7       8       9      10      11      12      13      14      15      16      17      18      19      20      21      22      23      24      25      26      27      28      29      30      31      32      33      34      35      36      37      38      39      40      41      42      43      44      45      46      47      48      49      50      51      52      53      54      55      56      57      58      59      60      61      62      63
--------------------------------------------------------------------------------------------
         0         1       :    8.00    8.00    8.00    8.00    8.00    8.00    8.00    8.00    8.00    8.00    8.00    8.00    8.00    8.00    8.00    8.00    8.00    8.00    8.00    8.00    8.00    8.00    8.00    8.00    8.00    8.00    8.00    8.00    8.00    8.00    8.00    8.00    8.00    8.00    8.00    8.00    8.00    8.00    8.00    8.00    8.00    8.00    8.00    8.00    8.00    8.00    8.00    8.00    8.00    8.00    8.00    8.00    8.00    8.00    8.00    8.00    8.00    8.00    8.00    8.00    8.00    8.00    8.00    8.00
         0         2       :    8.00    7.11    6.37    5.84    5.54    5.39    5.33    5.31    5.31    5.31    5.31    5.31    5.31    5.31    5.31    5.31    5.31    5.31    5.31    5.31    5.31    5.31    5.31    5.31    5.31    5.31    5.31    5.31    5.31    5.31    5.31    5.31    5.31    5.31    5.31    5.31    5.31    5.31    5.31    5.31    5.31    5.31    5.31    5.31    5.31    5.31    5.31    5.31    5.31    5.31    5.31    5.31    5.31    5.31    5.31    5.31    5.31    5.33    5.39    5.54    5.84    6.37    7.11    8.00
         0         3       :    8.00    6.37    5.00    4.05    3.48    3.21    3.11    3.08    3.07    3.07    3.07    3.07    3.07    3.07    3.07    3.07    3.07    3.07    3.07    3.07    3.07    3.07    3.07    3.07    3.07    3.07    3.07    3.07    3.07    3.07    3.07    3.07    3.07    3.07    3.07    3.07    3.07    3.07    3.07    3.07    3.07    3.07    3.07    3.07    3.07    3.07    3.07    3.07    3.07    3.07    3.07    3.07    3.07    3.07    3.07    3.07    3.08    3.11    3.21    3.48    4.05    5.00    6.37    8.00
         0         4       :    8.00    5.84    4.05    2.78    2.05    1.70    1.57    1.52    1.52    1.51    1.51    1.51    1.51    1.51    1.51    1.51    1.51    1.51    1.51    1.51    1.51    1.51    1.51    1.51    1.51    1.51    1.51    1.51    1.51    1.51    1.51    1.51    1.51    1.51    1.51    1.51    1.51    1.51    1.51    1.51    1.51    1.51    1.51    1.51    1.51    1.51    1.51    1.51    1.51    1.51    1.51    1.51    1.51    1.51    1.51    1.52    1.52    1.57    1.70    2.05    2.78    4.05    5.84    8.00
         0         5       :    8.00    5.54    3.48    2.05    1.22    0.83    0.68    0.64    0.63    0.63    0.63    0.63    0.63    0.63    0.63    0.63    0.63    0.63    0.63    0.63    0.63    0.63    0.63    0.63    0.63    0.63    0.63    0.63    0.63    0.63    0.63    0.63    0.63    0.63    0.63    0.63    0.63    0.63    0.63    0.63    0.63    0.63    0.63    0.63    0.63    0.63    0.63    0.63    0.63    0.63    0.63    0.63    0.63    0.63    0.63    0.63    0.64    0.68    0.83    1.22    2.05    3.48    5.54    8.00
         0         6       :    8.00    5.39    3.21    1.70    0.83    0.42    0.27    0.22    0.21    0.21    0.21    0.21    0.21    0.21    0.21    0.21    0.21    0.21    0.21    0.21    0.21    0.21    0.21    0.21    0.21    0.21    0.21    0.21    0.21    0.21    0.21    0.21    0.21    0.21    0.21    0.21    0.21    0.21    0.21    0.21    0.21    0.21    0.21    0.21    0.21    0.21    0.21    0.21    0.21    0.21    0.21    0.21    0.21    0.21    0.21    0.21    0.22    0.27    0.42    0.83    1.70    3.21    5.39    8.00
         0         7       :    8.00    5.33    3.11    1.57    0.68    0.27    0.12    0.07    0.06    0.06    0.06    0.06    0.06    0.06    0.06    0.06    0.06    0.06    0.06    0.06    0.06    0.06    0.06    0.06    0.06    0.06    0.06    0.06    0.06    0.06    0.06    0.06    0.06    0.06    0.06    0.06    0.06    0.06    0.06    0.06    0.06    0.06    0.06    0.06    0.06    0.06    0.06    0.06    0.06    0.06    0.06    0.06    0.06    0.06    0.06    0.06    0.07    0.12    0.27    0.68    1.57    3.11    5.33    8.00
         0         8       :    8.00    5.31    3.08    1.52    0.64    0.22    0.07    0.02    0.01    0.01    0.01    0.01    0.01    0.01    0.01    0.01    0.01    0.01    0.01    0.01    0.01    0.01    0.01    0.01    0.01    0.01    0.01    0.01    0.01    0.01    0.01    0.01    0.01    0.01    0.01    0.01    0.01    0.01    0.01    0.01    0.01    0.01    0.01    0.01    0.01    0.01    0.01    0.01    0.01    0.01    0.01    0.01    0.01    0.01    0.01    0.01    0.02    0.07    0.22    0.64    1.52    3.08    5.31    8.00
         1         1       :    8.00    5.31    3.07    1.52    0.63    0.21    0.06    0.01    0.00    0.00    0.00    0.00    0.00    0.00    0.00    0.00    0.00    0.00    0.00    0.00    0.00    0.00    0.00    0.00    0.00    0.00    0.00    0.00    0.00    0.00    0.00    0.00    0.00    0.00    0.00    0.00    0.00    0.00    0.00    0.00    0.00    0.00    0.00    0.00    0.00    0.00    0.00    0.00    0.00    0.00    0.00    0.00    0.00    0.00    0.00    0.00    0.01    0.06    0.21    0.63    1.52    3.07    5.31    8.00
         1         2       :    8.00    5.31    3.07    1.51    0.63    0.21    0.06    0.01    0.00    0.00    0.00    0.00    0.00    0.00    0.00    0.00    0.00    0.00    0.00    0.00    0.00    0.00    0.00    0.00    0.00    0.00    0.00    0.00    0.00    0.00    0.00    0.00    0.00    0.00    0.00    0.00    0.00    0.00    0.00    0.00    0.00    0.00    0.00    0.00    0.00    0.00    0.00    0.00    0.00    0.00    0.00    0.00    0.00    0.00    0.00    0.00    0.01    0.06    0.21    0.63    1.51    3.07    5.31    8.00
         1         3       :    8.00    5.31    3.07    1.51    0.63    0.21    0.06    0.01    0.00    0.00    0.00    0.00    0.00    0.00    0.00    0.00    0.00    0.00    0.00    0.00    0.00    0.00    0.00    0.00    0.00    0.00    0.00    0.00    0.00    0.00    0.00    0.00    0.00    0.00    0.00    0.00    0.00    0.00    0.00    0.00    0.00    0.00    0.00    0.00    0.00    0.00    0.00    0.00    0.00    0.00    0.00    0.00    0.00    0.00    0.00    0.00    0.01    0.06    0.21    0.63    1.51    3.07    5.31    8.00
         1         4       :    8.00    5.31    3.07    1.51    0.63    0.21    0.06    0.01    0.00    0.00    0.00    0.00    0.00    0.00    0.00    0.00    0.00    0.00    0.00    0.00    0.00    0.00    0.00    0.00    0.00    0.00    0.00    0.00    0.00    0.00    0.00    0.00    0.00    0.00    0.00    0.00    0.00    0.00    0.00    0.00    0.00    0.00    0.00    0.00    0.00    0.00    0.00    0.00    0.00    0.00    0.00    0.00    0.00    0.00    0.00    0.00    0.01    0.06    0.21    0.63    1.51    3.07    5.31    8.00
         1         5       :    8.00    5.31    3.07    1.51    0.63    0.21    0.06    0.01    0.00    0.00    0.00    0.00    0.00    0.00    0.00    0.00    0.00    0.00    0.00    0.00    0.00    0.00    0.00    0.00    0.00    0.00    0.00    0.00    0.00    0.00    0.00    0.00    0.00    0.00    0.00    0.00    0.00    0.00    0.00    0.00    0.00    0.00    0.00    0.00    0.00    0.00    0.00    0.00    0.00    0.00    0.00    0.00    0.00    0.00    0.00    0.00    0.01    0.06    0.21    0.63    1.51    3.07    5.31    8.00
         1         6       :    8.00    5.31    3.07    1.51    0.63    0.21    0.06    0.01    0.00    0.00    0.00    0.00    0.00    0.00    0.00    0.00    0.00    0.00    0.00    0.00    0.00    0.00    0.00    0.00    0.00    0.00    0.00    0.00    0.00    0.00    0.00    0.00    0.00    0.00    0.00    0.00    0.00    0.00    0.00    0.00    0.00    0.00    0.00    0.00    0.00    0.00    0.00    0.00    0.00    0.00    0.00    0.00    0.00    0.00    0.00    0.00    0.01    0.06    0.21    0.63    1.51    3.07    5.31    8.00
         1         7       :    8.00    5.31    3.07    1.51    0.63    0.21    0.06    0.01    0.00    0.00    0.00    0.00    0.00    0.00    0.00    0.00    0.00    0.00    0.00    0.00    0.00    0.00    0.00    0.00    0.00    0.00    0.00    0.00    0.00    0.00    0.00    0.00    0.00    0.00    0.00    0.00    0.00    0.00    0.00    0.00    0.00    0.00    0.00    0.00    0.00    0.00    0.00    0.00    0.00    0.00    0.00    0.00    0.00    0.00    0.00    0.00    0.01    0.06    0.21    0.63    1.51    3.07    5.31    8.00
         1         8       :    8.00    5.31    3.07    1.51    0.63    0.21    0.06    0.01    0.00    0.00    0.00    0.00    0.00    0.00    0.00    0.00    0.00    0.00    0.00    0.00    0.00    0.00    0.00    0.00    0.00    0.00    0.00    0.00    0.00    0.00    0.00    0.00    0.00    0.00    0.00    0.00    0.00    0.00    0.00    0.00    0.00    0.00    0.00    0.00    0.00    0.00    0.00    0.00    0.00    0.00    0.00    0.00    0.00    0.00    0.00    0.00    0.01    0.06    0.21    0.63    1.51    3.07    5.31    8.00
         2         1       :    8.00    5.31    3.07    1.51    0.63    0.21    0.06    0.01    0.00    0.00    0.00    0.00    0.00    0.00    0.00    0.00    0.00    0.00    0.00    0.00    0.00    0.00    0.00    0.00    0.00    0.00    0.00    0.00    0.00    0.00    0.00    0.00    0.00    0.00    0.00    0.00    0.00    0.00    0.00    0.00    0.00    0.00    0.00    0.00    0.00    0.00    0.00    0.00    0.00    0.00    0.00    0.00    0.00    0.00    0.00    0.00    0.01    0.06    0.21    0.63    1.51    3.07    5.31    8.00
         2         2       :    8.00    5.31    3.07    1.51    0.63    0.21    0.06    0.01    0.00    0.00    0.00    0.00    0.00    0.00    0.00    0.00    0.00    0.00    0.00    0.00    0.00    0.00    0.00    0.00    0.00    0.00    0.00    0.00    0.00    0.00    0.00    0.00    0.00    0.00    0.00    0.00    0.00    0.00    0.00    0.00    0.00    0.00    0.00    0.00    0.00    0.00    0.00    0.00    0.00    0.00    0.00    0.00    0.00    0.00    0.00    0.00    0.01    0.06    0.21    0.63    1.51    3.07    5.31    8.00
         2         3       :    8.00    5.31    3.07    1.51    0.63    0.21    0.06    0.01    0.00    0.00    0.00    0.00    0.00    0.00    0.00    0.00    0.00    0.00    0.00    0.00    0.00    0.00    0.00    0.00    0.00    0.00    0.00    0.00    0.00    0.00    0.00    0.00    0.00    0.00    0.00    0.00    0.00    0.00    0.00    0.00    0.00    0.00    0.00    0.00    0.00    0.00    0.00    0.00    0.00    0.00    0.00    0.00    0.00    0.00    0.00    0.00    0.01    0.06    0.21    0.63    1.51    3.07    5.31    8.00
         2         4       :    8.00    5.31    3.07    1.51    0.63    0.21    0.06    0.01    0.00    0.00    0.00    0.00    0.00    0.00    0.00    0.00    0.00    0.00    0.00    0.00    0.00    0.00    0.00    0.00    0.00    0.00    0.00    0.00    0.00    0.00    0.00    0.00    0.00    0.00    0.00    0.00    0.00    0.00    0.00    0.00    0.00    0.00    0.00    0.00    0.00    0.00    0.00    0.00    0.00    0.00    0.00    0.00    0.00    0.00    0.00    0.00    0.01    0.06    0.21    0.63    1.51    3.07    5.31    8.00
         2         5       :    8.00    5.31    3.07    1.51    0.63    0.21    0.06    0.01    0.00    0.00    0.00    0.00    0.00    0.00    0.00    0.00    0.00    0.00    0.00    0.00    0.00    0.00    0.00    0.00    0.00    0.00    0.00    0.00    0.00    0.00    0.00    0.00    0.00    0.00    0.00    0.00    0.00    0.00    0.00    0.00    0.00    0.00    0.00    0.00    0.00    0.00    0.00    0.00    0.00    0.00    0.00    0.00    0.00    0.00    0.00    0.00    0.01    0.06    0.21    0.63    1.51    3.07    5.31    8.00
         2         6       :    8.00    5.31    3.07    1.51    0.63    0.21    0.06    0.01    0.00    0.00    0.00    0.00    0.00    0.00    0.00    0.00    0.00    0.00    0.00    0.00    0.00    0.00    0.00    0.00    0.00    0.00    0.00    0.00    0.00    0.00    0.00    0.00    0.00    0.00    0.00    0.00    0.00    0.00    0.00    0.00    0.00    0.00    0.00    0.00    0.00    0.00    0.00    0.00    0.00    0.00    0.00    0.00    0.00    0.00    0.00    0.00    0.01    0.06    0.21    0.63    1.51    3.07    5.31    8.00
         2         7       :    8.00    5.31    3.07    1.51    0.63    0.21    0.06    0.01    0.00    0.00    0.00    0.00    0.00    0.00    0.00    0.00    0.00    0.00    0.00    0.00    0.00    0.00    0.00    0.00    0.00    0.00    0.00    0.00    0.00    0.00    0.00    0.00    0.00    0.00    0.00    0.00    0.00    0.00    0.00    0.00    0.00    0.00    0.00    0.00    0.00    0.00    0.00    0.00    0.00    0.00    0.00    0.00    0.00    0.00    0.00    0.00    0.01    0.06    0.21    0.63    1.51    3.07    5.31    8.00
         2         8       :    8.00    5.31    3.07    1.51    0.63    0.21    0.06    0.01    0.00    0.00    0.00    0.00    0.00    0.00    0.00    0.00    0.00    0.00    0.00    0.00    0.00    0.00    0.00    0.00    0.00    0.00    0.00    0.00    0.00    0.00    0.00    0.00    0.00    0.00    0.00    0.00    0.00    0.00    0.00    0.00    0.00    0.00    0.00    0.00    0.00    0.00    0.00    0.00    0.00    0.00    0.00    0.00    0.00    0.00    0.00    0.00    0.01    0.06    0.21    0.63    1.51    3.07    5.31    8.00
         3         1       :    8.00    5.31    3.07    1.51    0.63    0.21    0.06    0.01    0.00    0.00    0.00    0.00    0.00    0.00    0.00    0.00    0.00    0.00    0.00    0.00    0.00    0.00    0.00    0.00    0.00    0.00    0.00    0.00    0.00    0.00    0.00    0.00    0.00    0.00    0.00    0.00    0.00    0.00    0.00    0.00    0.00    0.00    0.00    0.00    0.00    0.00    0.00    0.00    0.00    0.00    0.00    0.00    0.00    0.00    0.00    0.00    0.01    0.06    0.21    0.63    1.51    3.07    5.31    8.00
         3         2       :    8.00    5.31    3.07    1.51    0.63    0.21    0.06    0.01    0.00    0.00    0.00    0.00    0.00    0.00    0.00    0.00    0.00    0.00    0.00    0.00    0.00    0.00    0.00    0.00    0.00    0.00    0.00    0.00    0.00    0.00    0.00    0.00    0.00    0.00    0.00    0.00    0.00    0.00    0.00    0.00    0.00    0.00    0.00    0.00    0.00    0.00    0.00    0.00    0.00    0.00    0.00    0.00    0.00    0.00    0.00    0.00    0.01    0.06    0.21    0.63    1.51    3.07    5.31    8.00
         3         3       :    8.00    5.31    3.07    1.51    0.63    0.21    0.06    0.01    0.00    0.00    0.00    0.00    0.00    0.00    0.00    0.00    0.00    0.00    0.00    0.00    0.00    0.00    0.00    0.00    0.00    0.00    0.00    0.00    0.00    0.00    0.00    0.00    0.00    0.00    0.00    0.00    0.00    0.00    0.00    0.00    0.00    0.00    0.00    0.00    0.00    0.00    0.00    0.00    0.00    0.00    0.00    0.00    0.00    0.00    0.00    0.00    0.01    0.06    0.21    0.63    1.51    3.07    5.31    8.00
         3         4       :    8.00    5.31    3.07    1.51    0.63    0.21    0.06    0.01    0.00    0.00    0.00    0.00    0.00    0.00    0.00    0.00    0.00    0.00    0.00    0.00    0.00    0.00    0.00    0.00    0.00    0.00    0.00    0.00    0.00    0.00    0.00    0.00    0.00    0.00    0.00    0.00    0.00    0.00    0.00    0.00    0.00    0.00    0.00    0.00    0.00    0.00    0.00    0.00    0.00    0.00    0.00    0.00    0.00    0.00    0.00    0.00    0.01    0.06    0.21    0.63    1.51    3.07    5.31    8.00
         3         5       :    8.00    5.31    3.07    1.51    0.63    0.21    0.06    0.01    0.00    0.00    0.00    0.00    0.00    0.00    0.00    0.00    0.00    0.00    0.00    0.00    0.00    0.00    0.00    0.00    0.00    0.00    0.00    0.00    0.00    0.00    0.00    0.00    0.00    0.00    0.00    0.00    0.00    0.00    0.00    0.00    0.00    0.00    0.00    0.00    0.00    0.00    0.00    0.00    0.00    0.00    0.00    0.00    0.00    0.00    0.00    0.00    0.01    0.06    0.21    0.63    1.51    3.07    5.31    8.00
         3         6       :    8.00    5.31    3.07    1.51    0.63    0.21    0.06    0.01    0.00    0.00    0.00    0.00    0.00    0.00    0.00    0.00    0.00    0.00    0.00    0.00    0.00    0.00    0.00    0.00    0.00    0.00    0.00    0.00    0.00    0.00    0.00    0.00    0.00    0.00    0.00    0.00    0.00    0.00    0.00    0.00    0.00    0.00    0.00    0.00    0.00    0.00    0.00    0.00    0.00    0.00    0.00    0.00    0.00    0.00    0.00    0.00    0.01    0.06    0.21    0.63    1.51    3.07    5.31    8.00
         3         7       :    8.00    5.31    3.07    1.51    0.63    0.21    0.06    0.01    0.00    0.00    0.00    0.00    0.00    0.00    0.00    0.00    0.00    0.00    0.00    0.00    0.00    0.00    0.00    0.00    0.00    0.00    0.00    0.00    0.00    0.00    0.00    0.00    0.00    0.00    0.00    0.00    0.00    0.00    0.00    0.00    0.00    0.00    0.00    0.00    0.00    0.00    0.00    0.00    0.00    0.00    0.00    0.00    0.00    0.00    0.00    0.00    0.01    0.06    0.21    0.63    1.51    3.07    5.31    8.00
         3         8       :    8.00    5.31    3.07    1.51    0.63    0.21    0.06    0.01    0.00    0.00    0.00    0.00    0.00    0.00    0.00    0.00    0.00    0.00    0.00    0.00    0.00    0.00    0.00    0.00    0.00    0.00    0.00    0.00    0.00    0.00    0.00    0.00    0.00    0.00    0.00    0.00    0.00    0.00    0.00    0.00    0.00    0.00    0.00    0.00    0.00    0.00    0.00    0.00    0.00    0.00    0.00    0.00    0.00    0.00    0.00    0.00    0.01    0.06    0.21    0.63    1.51    3.07    5.31    8.00
         4         1       :    8.00    5.31    3.07    1.51    0.63    0.21    0.06    0.01    0.00    0.00    0.00    0.00    0.00    0.00    0.00    0.00    0.00    0.00    0.00    0.00    0.00    0.00    0.00    0.00    0.00    0.00    0.00    0.00    0.00    0.00    0.00    0.00    0.00    0.00    0.00    0.00    0.00    0.00    0.00    0.00    0.00    0.00    0.00    0.00    0.00    0.00    0.00    0.00    0.00    0.00    0.00    0.00    0.00    0.00    0.00    0.00    0.01    0.06    0.21    0.63    1.51    3.07    5.31    8.00
         4         2       :    8.00    5.31    3.07    1.51    0.63    0.21    0.06    0.01    0.00    0.00    0.00    0.00    0.00    0.00    0.00    0.00    0.00    0.00    0.00    0.00    0.00    0.00    0.00    0.00    0.00    0.00    0.00    0.00    0.00    0.00    0.00    0.00    0.00    0.00    0.00    0.00    0.00    0.00    0.00    0.00    0.00    0.00    0.00    0.00    0.00    0.00    0.00    0.00    0.00    0.00    0.00    0.00    0.00    0.00    0.00    0.00    0.01    0.06    0.21    0.63    1.51    3.07    5.31    8.00
         4         3       :    8.00    5.31    3.07    1.51    0.63    0.21    0.06    0.01    0.00    0.00    0.00    0.00    0.00    0.00    0.00    0.00    0.00    0.00    0.00    0.00    0.00    0.00    0.00    0.00    0.00    0.00    0.00    0.00    0.00    0.00    0.00    0.00    0.00    0.00    0.00    0.00    0.00    0.00    0.00    0.00    0.00    0.00    0.00    0.00    0.00    0.00    0.00    0.00    0.00    0.00    0.00    0.00    0.00    0.00    0.00    0.00    0.01    0.06    0.21    0.63    1.51    3.07    5.31    8.00
         4         4       :    8.00    5.31    3.07    1.51    0.63    0.21    0.06    0.01    0.00    0.00    0.00    0.00    0.00    0.00    0.00    0.00    0.00    0.00    0.00    0.00    0.00    0.00    0.00    0.00    0.00    0.00    0.00    0.00    0.00    0.00    0.00    0.00    0.00    0.00    0.00    0.00    0.00    0.00    0.00    0.00    0.00    0.00    0.00    0.00    0.00    0.00    0.00    0.00    0.00    0.00    0.00    0.00    0.00    0.00    0.00    0.00    0.01    0.06    0.21    0.63    1.51    3.07    5.31    8.00
         4         5       :    8.00    5.31    3.07    1.51    0.63    0.21    0.06    0.01    0.00    0.00    0.00    0.00    0.00    0.00    0.00    0.00    0.00    0.00    0.00    0.00    0.00    0.00    0.00    0.00    0.00    0.00    0.00    0.00    0.00    0.00    0.00    0.00    0.00    0.00    0.00    0.00    0.00    0.00    0.00    0.00    0.00    0.00    0.00    0.00    0.00    0.00    0.00    0.00    0.00    0.00    0.00    0.00    0.00    0.00    0.00    0.00    0.01    0.06    0.21    0.63    1.51    3.07    5.31    8.00
         4         6       :    8.00    5.31    3.07    1.51    0.63    0.21    0.06    0.01    0.00    0.00    0.00    0.00    0.00    0.00    0.00    0.00    0.00    0.00    0.00    0.00    0.00    0.00    0.00    0.00    0.00    0.00    0.00    0.00    0.00    0.00    0.00    0.00    0.00    0.00    0.00    0.00    0.00    0.00    0.00    0.00    0.00    0.00    0.00    0.00    0.00    0.00    0.00    0.00    0.00    0.00    0.00    0.00    0.00    0.00    0.00    0.00    0.01    0.06    0.21    0.63    1.51    3.07    5.31    8.00
         4         7       :    8.00    5.31    3.07    1.51    0.63    0.21    0.06    0.01    0.00    0.00    0.00    0.00    0.00    0.00    0.00    0.00    0.00    0.00    0.00    0.00    0.00    0.00    0.00    0.00    0.00    0.00    0.00    0.00    0.00    0.00    0.00    0.00    0.00    0.00    0.00    0.00    0.00    0.00    0.00    0.00    0.00    0.00    0.00    0.00    0.00    0.00    0.00    0.00    0.00    0.00    0.00    0.00    0.00    0.00    0.00    0.00    0.01    0.06    0.21    0.63    1.51    3.07    5.31    8.00
         4         8       :    8.00    5.31    3.07    1.51    0.63    0.21    0.06    0.01    0.00    0.00    0.00    0.00    0.00    0.00    0.00    0.00    0.00    0.00    0.00    0.00    0.00    0.00    0.00    0.00    0.00    0.00    0.00    0.00    0.00    0.00    0.00    0.00    0.00    0.00    0.00    0.00    0.00    0.00    0.00    0.00    0.00    0.00    0.00    0.00    0.00    0.00    0.00    0.00    0.00    0.00    0.00    0.00    0.00    0.00    0.00    0.00    0.01    0.06    0.21    0.63    1.51    3.07    5.31    8.00
         5         1       :    8.00    5.31    3.07    1.51    0.63    0.21    0.06    0.01    0.00    0.00    0.00    0.00    0.00    0.00    0.00    0.00    0.00    0.00    0.00    0.00    0.00    0.00    0.00    0.00    0.00    0.00    0.00    0.00    0.00    0.00    0.00    0.00    0.00    0.00    0.00    0.00    0.00    0.00    0.00    0.00    0.00    0.00    0.00    0.00    0.00    0.00    0.00    0.00    0.00    0.00    0.00    0.00    0.00    0.00    0.00    0.00    0.01    0.06    0.21    0.63    1.51    3.07    5.31    8.00
         5         2       :    8.00    5.31    3.07    1.51    0.63    0.21    0.06    0.01    0.00    0.00    0.00    0.00    0.00    0.00    0.00    0.00    0.00    0.00    0.00    0.00    0.00    0.00    0.00    0.00    0.00    0.00    0.00    0.00    0.00    0.00    0.00    0.00    0.00    0.00    0.00    0.00    0.00    0.00    0.00    0.00    0.00    0.00    0.00    0.00    0.00    0.00    0.00    0.00    0.00    0.00    0.00    0.00    0.00    0.00    0.00    0.00    0.01    0.06    0.21    0.63    1.51    3.07    5.31    8.00
         5         3       :    8.00    5.31    3.07    1.51    0.63    0.21    0.06    0.01    0.00    0.00    0.00    0.00    0.00    0.00    0.00    0.00    0.00    0.00    0.00    0.00    0.00    0.00    0.00    0.00    0.00    0.00    0.00    0.00    0.00    0.00    0.00    0.00    0.00    0.00    0.00    0.00    0.00    0.00    0.00    0.00    0.00    0.00    0.00    0.00    0.00    0.00    0.00    0.00    0.00    0.00    0.00    0.00    0.00    0.00    0.00    0.00    0.01    0.06    0.21    0.63    1.51    3.07    5.31    8.00
         5         4       :    8.00    5.31    3.07    1.51    0.63    0.21    0.06    0.01    0.00    0.00    0.00    0.00    0.00    0.00    0.00    0.00    0.00    0.00    0.00    0.00    0.00    0.00    0.00    0.00    0.00    0.00    0.00    0.00    0.00    0.00    0.00    0.00    0.00    0.00    0.00    0.00    0.00    0.00    0.00    0.00    0.00    0.00    0.00    0.00    0.00    0.00    0.00    0.00    0.00    0.00    0.00    0.00    0.00    0.00    0.00    0.00    0.01    0.06    0.21    0.63    1.51    3.07    5.31    8.00
         5         5       :    8.00    5.31    3.07    1.51    0.63    0.21    0.06    0.01    0.00    0.00    0.00    0.00    0.00    0.00    0.00    0.00    0.00    0.00    0.00    0.00    0.00    0.00    0.00    0.00    0.00    0.00    0.00    0.00    0.00    0.00    0.00    0.00    0.00    0.00    0.00    0.00    0.00    0.00    0.00    0.00    0.00    0.00    0.00    0.00    0.00    0.00    0.00    0.00    0.00    0.00    0.00    0.00    0.00    0.00    0.00    0.00    0.01    0.06    0.21    0.63    1.51    3.07    5.31    8.00
         5         6       :    8.00    5.31    3.07    1.51    0.63    0.21    0.06    0.01    0.00    0.00    0.00    0.00    0.00    0.00    0.00    0.00    0.00    0.00    0.00    0.00    0.00    0.00    0.00    0.00    0.00    0.00    0.00    0.00    0.00    0.00    0.00    0.00    0.00    0.00    0.00    0.00    0.00    0.00    0.00    0.00    0.00    0.00    0.00    0.00    0.00    0.00    0.00    0.00    0.00    0.00    0.00    0.00    0.00    0.00    0.00    0.00    0.01    0.06    0.21    0.63    1.51    3.07    5.31    8.00
         5         7       :    8.00    5.31    3.07    1.51    0.63    0.21    0.06    0.01    0.00    0.00    0.00    0.00    0.00    0.00    0.00    0.00    0.00    0.00    0.00    0.00    0.00    0.00    0.00    0.00    0.00    0.00    0.00    0.00    0.00    0.00    0.00    0.00    0.00    0.00    0.00    0.00    0.00    0.00    0.00    0.00    0.00    0.00    0.00    0.00    0.00    0.00    0.00    0.00    0.00    0.00    0.00    0.00    0.00    0.00    0.00    0.00    0.01    0.06    0.21    0.63    1.51    3.07    5.31    8.00
         5         8       :    8.00    5.31    3.07    1.51    0.63    0.21    0.06    0.01    0.00    0.00    0.00    0.00    0.00    0.00    0.00    0.00    0.00    0.00    0.00    0.00    0.00    0.00    0.00    0.00    0.00    0.00    0.00    0.00    0.00    0.00    0.00    0.00    0.00    0.00    0.00    0.00    0.00    0.00    0.00    0.00    0.00    0.00    0.00    0.00    0.00    0.00    0.00    0.00    0.00    0.00    0.00    0.00    0.00    0.00    0.00    0.00    0.01    0.06    0.21    0.63    1.51    3.07    5.31    8.00
         6         1       :    8.00    5.31    3.07    1.51    0.63    0.21    0.06    0.01    0.00    0.00    0.00    0.00    0.00    0.00    0.00    0.00    0.00    0.00    0.00    0.00    0.00    0.00    0.00    0.00    0.00    0.00    0.00    0.00    0.00    0.00    0.00    0.00    0.00    0.00    0.00    0.00    0.00    0.00    0.00    0.00    0.00    0.00    0.00    0.00    0.00    0.00    0.00    0.00    0.00    0.00    0.00    0.00    0.00    0.00    0.00    0.00    0.01    0.06    0.21    0.63    1.51    3.07    5.31    8.00
         6         2       :    8.00    5.31    3.07    1.51    0.63    0.21    0.06    0.01    0.00    0.00    0.00    0.00    0.00    0.00    0.00    0.00    0.00    0.00    0.00    0.00    0.00    0.00    0.00    0.00    0.00    0.00    0.00    0.00    0.00    0.00    0.00    0.00    0.00    0.00    0.00    0.00    0.00    0.00    0.00    0.00    0.00    0.00    0.00    0.00    0.00    0.00    0.00    0.00    0.00    0.00    0.00    0.00    0.00    0.00    0.00    0.00    0.01    0.06    0.21    0.63    1.51    3.07    5.31    8.00
         6         3       :    8.00    5.31    3.07    1.51    0.63    0.21    0.06    0.01    0.00    0.00    0.00    0.00    0.00    0.00    0.00    0.00    0.00    0.00    0.00    0.00    0.00    0.00    0.00    0.00    0.00    0.00    0.00    0.00    0.00    0.00    0.00    0.00    0.00    0.00    0.00    0.00    0.00    0.00    0.00    0.00    0.00    0.00    0.00    0.00    0.00    0.00    0.00    0.00    0.00    0.00    0.00    0.00    0.00    0.00    0.00    0.00    0.01    0.06    0.21    0.63    1.51    3.07    5.31    8.00
         6         4       :    8.00    5.31    3.07    1.51    0.63    0.21    0.06    0.01    0.00    0.00    0.00    0.00    0.00    0.00    0.00    0.00    0.00    0.00    0.00    0.00    0.00    0.00    0.00    0.00    0.00    0.00    0.00    0.00    0.00    0.00    0.00    0.00    0.00    0.00    0.00    0.00    0.00    0.00    0.00    0.00    0.00    0.00    0.00    0.00    0.00    0.00    0.00    0.00    0.00    0.00    0.00    0.00    0.00    0.00    0.00    0.00    0.01    0.06    0.21    0.63    1.51    3.07    5.31    8.00
         6         5       :    8.00    5.31    3.07    1.51    0.63    0.21    0.06    0.01    0.00    0.00    0.00    0.00    0.00    0.00    0.00    0.00    0.00    0.00    0.00    0.00    0.00    0.00    0.00    0.00    0.00    0.00    0.00    0.00    0.00    0.00    0.00    0.00    0.00    0.00    0.00    0.00    0.00    0.00    0.00    0.00    0.00    0.00    0.00    0.00    0.00    0.00    0.00    0.00    0.00    0.00    0.00    0.00    0.00    0.00    0.00    0.00    0.01    0.06    0.21    0.63    1.51    3.07    5.31    8.00
         6         6       :    8.00    5.31    3.07    1.51    0.63    0.21    0.06    0.01    0.00    0.00    0.00    0.00    0.00    0.00    0.00    0.00    0.00    0.00    0.00    0.00    0.00    0.00    0.00    0.00    0.00    0.00    0.00    0.00    0.00    0.00    0.00    0.00    0.00    0.00    0.00    0.00    0.00    0.00    0.00    0.00    0.00    0.00    0.00    0.00    0.00    0.00    0.00    0.00    0.00    0.00    0.00    0.00    0.00    0.00    0.00    0.00    0.01    0.06    0.21    0.63    1.51    3.07    5.31    8.00
         6         7       :    8.00    5.31    3.07    1.51    0.63    0.21    0.06    0.01    0.00    0.00    0.00    0.00    0.00    0.00    0.00    0.00    0.00    0.00    0.00    0.00    0.00    0.00    0.00    0.00    0.00    0.00    0.00    0.00    0.00    0.00    0.00    0.00    0.00    0.00    0.00    0.00    0.00    0.00    0.00    0.00    0.00    0.00    0.00    0.00    0.00    0.00    0.00    0.00    0.00    0.00    0.00    0.00    0.00    0.00    0.00    0.00    0.01    0.06    0.21    0.63    1.51    3.07    5.31    8.00
         6         8       :    8.00    5.31    3.07    1.52    0.63    0.21    0.06    0.01    0.00    0.00    0.00    0.00    0.00    0.00    0.00    0.00    0.00    0.00    0.00    0.00    0.00    0.00    0.00    0.00    0.00    0.00    0.00    0.00    0.00    0.00    0.00    0.00    0.00    0.00    0.00    0.00    0.00    0.00    0.00    0.00    0.00    0.00    0.00    0.00    0.00    0.00    0.00    0.00    0.00    0.00    0.00    0.00    0.00    0.00    0.00    0.00    0.01    0.06    0.21    0.63    1.52    3.07    5.31    8.00
         7         1       :    8.00    5.31    3.08    1.52    0.64    0.22    0.07    0.02    0.01    0.01    0.01    0.01    0.01    0.01    0.01    0.01    0.01    0.01    0.01    0.01    0.01    0.01    0.01    0.01    0.01    0.01    0.01    0.01    0.01    0.01    0.01    0.01    0.01    0.01    0.01    0.01    0.01    0.01    0.01    0.01    0.01    0.01    0.01    0.01    0.01    0.01    0.01    0.01    0.01    0.01    0.01    0.01    0.01    0.01    0.01    0.01    0.02    0.07    0.22    0.64    1.52    3.08    5.31    8.00
         7         2       :    8.00    5.33    3.11    1.57    0.68    0.27    0.12    0.07    0.06    0.06    0.06    0.06    0.06    0.06    0.06    0.06    0.06    0.06    0.06    0.06    0.06    0.06    0.06    0.06    0.06    0.06    0.06    0.06    0.06    0.06    0.06    0.06    0.06    0.06    0.06    0.06    0.06    0.06    0.06    0.06    0.06    0.06    0.06    0.06    0.06    0.06    0.06    0.06    0.06    0.06    0.06    0.06    0.06    0.06    0.06    0.06    0.07    0.12    0.27    0.68    1.57    3.11    5.33    8.00
         7         3       :    8.00    5.39    3.21    1.70    0.83    0.42    0.27    0.22    0.21    0.21    0.21    0.21    0.21    0.21    0.21    0.21    0.21    0.21    0.21    0.21    0.21    0.21    0.21    0.21    0.21    0.21    0.21    0.21    0.21    0.21    0.21    0.21    0.21    0.21    0.21    0.21    0.21    0.21    0.21    0.21    0.21    0.21    0.21    0.21    0.21    0.21    0.21    0.21    0.21    0.21    0.21    0.21    0.21    0.21    0.21    0.21    0.22    0.27    0.42    0.83    1.70    3.21    5.39    8.00
         7         4       :    8.00    5.54    3.48    2.05    1.22    0.83    0.68    0.64    0.63    0.63    0.63    0.63    0.63    0.63    0.63    0.63    0.63    0.63    0.63    0.63    0.63    0.63    0.63    0.63    0.63    0.63    0.63    0.63    0.63    0.63    0.63    0.63    0.63    0.63    0.63    0.63    0.63    0.63    0.63    0.63    0.63    0.63    0.63    0.63    0.63    0.63    0.63    0.63    0.63    0.63    0.63    0.63    0.63    0.63    0.63    0.63    0.64    0.68    0.83    1.22    2.05    3.48    5.54    8.00
         7         5       :    8.00    5.84    4.05    2.78    2.05    1.70    1.57    1.52    1.52    1.51    1.51    1.51    1.51    1.51    1.51    1.51    1.51    1.51    1.51    1.51    1.51    1.51    1.51    1.51    1.51    1.51    1.51    1.51    1.51    1.51    1.51    1.51    1.51    1.51    1.51    1.51    1.51    1.51    1.51    1.51    1.51    1.51    1.51    1.51    1.51    1.51    1.51    1.51    1.51    1.51    1.51    1.51    1.51    1.51    1.51    1.52    1.52    1.57    1.70    2.05    2.78    4.05    5.84    8.00
         7         6       :    8.00    6.37    5.00    4.05    3.48    3.21    3.11    3.08    3.07    3.07    3.07    3.07    3.07    3.07    3.07    3.07    3.07    3.07    3.07    3.07    3.07    3.07    3.07    3.07    3.07    3.07    3.07    3.07    3.07    3.07    3.07    3.07    3.07    3.07    3.07    3.07    3.07    3.07    3.07    3.07    3.07    3.07    3.07    3.07    3.07    3.07    3.07    3.07    3.07    3.07    3.07    3.07    3.07    3.07    3.07    3.07    3.08    3.11    3.21    3.48    4.05    5.00    6.37    8.00
         7         7       :    8.00    7.11    6.37    5.84    5.54    5.39    5.33    5.31    5.31    5.31    5.31    5.31    5.31    5.31    5.31    5.31    5.31    5.31    5.31    5.31    5.31    5.31    5.31    5.31    5.31    5.31    5.31    5.31    5.31    5.31    5.31    5.31    5.31    5.31    5.31    5.31    5.31    5.31    5.31    5.31    5.31    5.31    5.31    5.31    5.31    5.31    5.31    5.31    5.31    5.31    5.31    5.31    5.31    5.31    5.31    5.31    5.31    5.33    5.39    5.54    5.84    6.37    7.11    8.00
         7         8       :    8.00    8.00    8.00    8.00    8.00    8.00    8.00    8.00    8.00    8.00    8.00    8.00    8.00    8.00    8.00    8.00    8.00    8.00    8.00    8.00    8.00    8.00    8.00    8.00    8.00    8.00    8.00    8.00    8.00    8.00    8.00    8.00    8.00    8.00    8.00    8.00    8.00    8.00    8.00    8.00    8.00    8.00    8.00    8.00    8.00    8.00    8.00    8.00    8.00    8.00    8.00    8.00    8.00    8.00    8.00    8.00    8.00    8.00    8.00    8.00    8.00    8.00    8.00    8.00
