==================================== Jacobi迭代结果汇总 ====================================
  进程ID本地行号     列       0       1       2       3       4       5       6       7       8       9      10      11      12      13      14      15
--------------------------------------------------------------------------------------------
         0         1       :    8.00    8.00    8.00    8.00    8.00    8.00    8.00    8.00    8.00    8.00    8.00    8.00    8.00    8.00    8.00    8.00
         0         2       :    8.00    7.11    6.37    5.84    5.54    5.39    5.33    5.32    5.32    5.33    5.39    5.54    5.84    6.37    7.11    8.00
         0         3       :    8.00    6.37    5.00    4.05    3.48    3.21    3.11    3.08    3.08    3.11    3.21    3.48    4.05    5.00    6.37    8.00
         0         4       :    8.00    5.84    4.05    2.78    2.05    1.70    1.57    1.53    1.53    1.57    1.70    2.05    2.78    4.05    5.84    8.00
         0         5       :    8.00    5.54    3.48    2.05    1.22    0.83    0.68    0.64    0.64    0.68    0.83    1.22    2.05    3.48    5.54    8.00
         0         6       :    8.00    5.39    3.21    1.70    0.83    0.42    0.27    0.23    0.23    0.27    0.42    0.83    1.70    3.21    5.39    8.00
         0         7       :    8.00    5.33    3.11    1.57    0.68    0.27    0.12    0.07    0.07    0.12    0.27    0.68    1.57    3.11    5.33    8.00
         0         8       :    8.00    5.32    3.08    1.53    0.64    0.23    0.07    0.03    0.03    0.07    0.23    0.64    1.53    3.08    5.32    8.00
         0         9       :    8.00    5.32    3.08    1.53    0.64    0.23    0.07    0.03    0.03    0.07    0.23    0.64    1.53    3.08    5.32    8.00
         0        10       :    8.00    5.33    3.11    1.57    0.68    0.27    0.12    0.07    0.07    0.12    0.27    0.68    1.57    3.11    5.33    8.00
         0        11       :    8.00    5.39    3.21    1.70    0.83    0.42    0.27    0.23    0.23    0.27    0.42    0.83    1.70    3.21    5.39    8.00
         0        12       :    8.00    5.54    3.48    2.05    1.22    0.83    0.68    0.64    0.64    0.68    0.83    1.22    2.05    3.48    5.54    8.00
         0        13       :    8.00    5.84    4.05    2.78    2.05    1.70    1.57    1.53    1.53    1.57    1.70    2.05    2.78    4.05    5.84    8.00
         0        14       :    8.00    6.37    5.00    4.05    3.48    3.21    3.11    3.08    3.08    3.11    3.21    3.48    4.05    5.00    6.37    8.00
         0        15       :    8.00    7.11    6.37    5.84    5.54    5.39    5.33    5.32    5.32    5.33    5.39    5.54    5.84    6.37    7.11    8.00
         0        16       :    8.00    8.00    8.00    8.00    8.00    8.00    8.00    8.00    8.00    8.00    8.00    8.00    8.00    8.00    8.00    8.00
